113 146 146 146 146 146 146 146 146 146 146 146 146 146 146 146
194 255 255 255 255 255 255 255 255 255 255 255 255 255 255 255
194 255 255 255 255 255 226   0 231 255 255 255 255 255 255 255
194 255 255 255 255 255 219   0 231 255 255 255 255 255 255 255
194 255 255 255 255 255 196   0 231 255 255 255 255 255 255 255
194 255 255 255 255 255 189   0 187 255 255 255 255 255 255 255
194 255 255 255 255 255 183   0  17 255 255 255 255 255 255 255
194 255 255 255 255 255 182   0   0 239 255 255 255 255 255 255
194 255 255 255 255 255  64   3   3 183 255 255 255 255 255 255
194 255 255 255 255 230   0  82  27  21 255 255 255 255 255 255
194 255 255 255 255 111  12 255 231   2 127 255 255 255 255 255
194 255 255 255 120   0 125 255 255  80   0 199 255 255 255 255
194 255 255  69   1 112 255 255 255 252  30   4 170 255 255 255
194 226  45   0  97 249 255 255 255 255 233  14   1  46 243 255
194  10   1 151 253 255 255 255 255 255 255 236 110   0 150 255
168 195 197 219 219 219 219 219 219 219 219 219 219 120 217 219
113 146 146 146 146 146 146 146 146 146 146 146 146 146 146 146
194 255 255 255 255 255 255 255 255 255 255 255 255 255 255 255
194 255 255 255 255 255 226   0 231 255 255 255 255 255 255 255
194 255 255 255 255 255 219   0 231 255 255 255 255 255 255 255
194 255 255 255 255 255 196   0 231 255 255 255 255 255 255 255
194 255 255 255 255 255 189   0 187 255 255 255 255 255 255 255
194 255 255 255 255 255 183   0  17 255 255 255 255 255 255 255
194 255 255 255 255 255 182   0   0 239 255 255 255 255 255 255
194 255 255 255 255 255  64   3   3 183 255 255 255 255 255 255
194 255 255 255 255 230   0  82  27  21 255 255 255 255 255 255
194 255 255 255 255 111  12 255 231   2 127 255 255 255 255 255
194 255 255 255 120   0 125 255 255  80   0 199 255 255 255 255
194 255 255  69   1 112 255 255 255 252  30   4 170 255 255 255
194 226  45   0  97 249 255 255 255 255 233  14   1  46 243 255
194  10   1 151 253 255 255 255 255 255 255 236 110   0 150 255
168 195 197 219 219 219 219 219 219 219 219 219 219 120 217 219
113 146 146 146 146 146 146 146 146 146 146 146 146 146 146 146
194 255 255 255 255 255 255 255 255 255 255 255 255 255 255 255
194 255 255 255 255 255 226   0 231 255 255 255 255 255 255 255
194 255 255 255 255 255 219   0 231 255 255 255 255 255 255 255
194 255 255 255 255 255 196   0 231 255 255 255 255 255 255 255
194 255 255 255 255 255 189   0 187 255 255 255 255 255 255 255
194 255 255 255 255 255 183   0  17 255 255 255 255 255 255 255
194 255 255 255 255 255 182   0   0 239 255 255 255 255 255 255
194 255 255 255 255 255  64   3   3 183 255 255 255 255 255 255
194 255 255 255 255 230   0  82  27  21 255 255 255 255 255 255
194 255 255 255 255 111  12 255 231   2 127 255 255 255 255 255
194 255 255 255 120   0 125 255 255  80   0 199 255 255 255 255
194 255 255  69   1 112 255 255 255 252  30   4 170 255 255 255
194 226  45   0  97 249 255 255 255 255 233  14   1  46 243 255
194  10   1 151 253 255 255 255 255 255 255 236 110   0 150 255
168 195 197 219 219 219 219 219 219 219 219 219 219 120 217 219

146 255 255 255 255 255 255 255 255 255 255 255 255 255 255 219
146 255 255 255 255 255 255 255 255 255 255 255 255 243 150 217
146 255 255 255 255 255 255 255 255 255 255 255 255  46   0 120
146 255 255 255 255 255 255 255 255 255 255 255 170   1 110 219
146 255 255 255 255 255 255 255 255 255 255 199   4  14 236 219
146 255 255 255 255 255 255 255 255 255 127   0  30 233 255 219
146 255 255 255 255 255 255 239 183  21   2  80 252 255 255 219
146 255 231 231 231 187  17   0   3  27 231 255 255 255 255 219
146 255   0   0   0   0   0   0   3  82 255 255 255 255 255 219
146 255 226 219 196 189 183 182  64   0  12 125 255 255 255 219
146 255 255 255 255 255 255 255 255 230 111   0 112 249 255 219
146 255 255 255 255 255 255 255 255 255 255 120   1  97 253 219
146 255 255 255 255 255 255 255 255 255 255 255  69   0 151 219
146 255 255 255 255 255 255 255 255 255 255 255 255  45   1 197
146 255 255 255 255 255 255 255 255 255 255 255 255 226  10 195
113 194 194 194 194 194 194 194 194 194 194 194 194 194 194 168
146 255 255 255 255 255 255 255 255 255 255 255 255 255 255 219
146 255 255 255 255 255 255 255 255 255 255 255 255 243 150 217
146 255 255 255 255 255 255 255 255 255 255 255 255  46   0 120
146 255 255 255 255 255 255 255 255 255 255 255 170   1 110 219
146 255 255 255 255 255 255 255 255 255 255 199   4  14 236 219
146 255 255 255 255 255 255 255 255 255 127   0  30 233 255 219
146 255 255 255 255 255 255 239 183  21   2  80 252 255 255 219
146 255 231 231 231 187  17   0   3  27 231 255 255 255 255 219
146 255   0   0   0   0   0   0   3  82 255 255 255 255 255 219
146 255 226 219 196 189 183 182  64   0  12 125 255 255 255 219
146 255 255 255 255 255 255 255 255 230 111   0 112 249 255 219
146 255 255 255 255 255 255 255 255 255 255 120   1  97 253 219
146 255 255 255 255 255 255 255 255 255 255 255  69   0 151 219
146 255 255 255 255 255 255 255 255 255 255 255 255  45   1 197
146 255 255 255 255 255 255 255 255 255 255 255 255 226  10 195
113 194 194 194 194 194 194 194 194 194 194 194 194 194 194 168
146 255 255 255 255 255 255 255 255 255 255 255 255 255 255 219
146 255 255 255 255 255 255 255 255 255 255 255 255 243 150 217
146 255 255 255 255 255 255 255 255 255 255 255 255  46   0 120
146 255 255 255 255 255 255 255 255 255 255 255 170   1 110 219
146 255 255 255 255 255 255 255 255 255 255 199   4  14 236 219
146 255 255 255 255 255 255 255 255 255 127   0  30 233 255 219
146 255 255 255 255 255 255 239 183  21   2  80 252 255 255 219
146 255 231 231 231 187  17   0   3  27 231 255 255 255 255 219
146 255   0   0   0   0   0   0   3  82 255 255 255 255 255 219
146 255 226 219 196 189 183 182  64   0  12 125 255 255 255 219
146 255 255 255 255 255 255 255 255 230 111   0 112 249 255 219
146 255 255 255 255 255 255 255 255 255 255 120   1  97 253 219
146 255 255 255 255 255 255 255 255 255 255 255  69   0 151 219
146 255 255 255 255 255 255 255 255 255 255 255 255  45   1 197
146 255 255 255 255 255 255 255 255 255 255 255 255 226  10 195
113 194 194 194 194 194 194 194 194 194 194 194 194 194 194 168

193 208 127 214 217 217 217 217 217 217 217 217 217 164 179 156
226 156   0  79 234 255 255 255 255 255 255 244 131   0  39 174
226 239  65   2  33 230 255 255 255 255 243  68   1  50 235 183
226 255 255 172   4  41 249 255 255 254  83   2 116 255 255 183
226 255 255 255 189   0  80 255 255 133   0 149 255 255 255 183
226 255 255 255 254 139   4 198 251  15 109 254 255 255 255 183
226 255 255 255 255 247  42  42  94   1 225 255 255 255 255 183
226 255 255 255 255 255 166   4   3  74 255 255 255 255 255 183
226 255 255 255 255 255 228   0   0 153 255 255 255 255 255 183
226 255 255 255 255 255 255  43   0 195 255 255 255 255 255 183
226 255 255 255 255 255 255 148   0 209 255 255 255 255 255 183
226 255 255 255 255 255 255 185   0 213 255 255 255 255 255 183
226 255 255 255 255 255 255 177   0 221 255 255 255 255 255 183
226 255 255 255 255 255 255 178  13 226 255 255 255 255 255 183
226 255 255 255 255 255 255 253 251 254 255 255 255 255 255 183
160 180 180 180 180 180 180 180 180 180 180 180 180 180 180 129
193 208 127 214 217 217 217 217 217 217 217 217 217 164 179 156
226 156   0  79 234 255 255 255 255 255 255 244 131   0  39 174
226 239  65   2  33 230 255 255 255 255 243  68   1  50 235 183
226 255 255 172   4  41 249 255 255 254  83   2 116 255 255 183
226 255 255 255 189   0  80 255 255 133   0 149 255 255 255 183
226 255 255 255 254 139   4 198 251  15 109 254 255 255 255 183
226 255 255 255 255 247  42  42  94   1 225 255 255 255 255 183
226 255 255 255 255 255 166   4   3  74 255 255 255 255 255 183
226 255 255 255 255 255 228   0   0 153 255 255 255 255 255 183
226 255 255 255 255 255 255  43   0 195 255 255 255 255 255 183
226 255 255 255 255 255 255 148   0 209 255 255 255 255 255 183
226 255 255 255 255 255 255 185   0 213 255 255 255 255 255 183
226 255 255 255 255 255 255 177   0 221 255 255 255 255 255 183
226 255 255 255 255 255 255 178  13 226 255 255 255 255 255 183
226 255 255 255 255 255 255 253 251 254 255 255 255 255 255 183
160 180 180 180 180 180 180 180 180 180 180 180 180 180 180 129
193 208 127 214 217 217 217 217 217 217 217 217 217 164 179 156
226 156   0  79 234 255 255 255 255 255 255 244 131   0  39 174
226 239  65   2  33 230 255 255 255 255 243  68   1  50 235 183
226 255 255 172   4  41 249 255 255 254  83   2 116 255 255 183
226 255 255 255 189   0  80 255 255 133   0 149 255 255 255 183
226 255 255 255 254 139   4 198 251  15 109 254 255 255 255 183
226 255 255 255 255 247  42  42  94   1 225 255 255 255 255 183
226 255 255 255 255 255 166   4   3  74 255 255 255 255 255 183
226 255 255 255 255 255 228   0   0 153 255 255 255 255 255 183
226 255 255 255 255 255 255  43   0 195 255 255 255 255 255 183
226 255 255 255 255 255 255 148   0 209 255 255 255 255 255 183
226 255 255 255 255 255 255 185   0 213 255 255 255 255 255 183
226 255 255 255 255 255 255 177   0 221 255 255 255 255 255 183
226 255 255 255 255 255 255 178  13 226 255 255 255 255 255 183
226 255 255 255 255 255 255 253 251 254 255 255 255 255 255 183
160 180 180 180 180 180 180 180 180 180 180 180 180 180 180 129

160 178 187 187 187 187 187 187 187 187 187 187 187 187 187 133
176  38 232 255 255 255 255 255 255 255 255 255 255 255 255 181
166   1  49 255 255 255 255 255 255 255 255 255 255 255 255 181
217 135   1 112 255 255 255 255 255 255 255 255 255 255 255 181
218 246  72   2 145 254 255 255 255 255 255 255 255 255 255 181
218 255 244  90   1 103 223 255 255 255 255 255 255 255 255 181
218 255 255 255 139  17   1  72 147 189 203 208 218 223 254 181
218 255 255 255 255 252  98   4   0   0   0   0   0  14 252 181
218 255 255 255 255 197  36   3   0  45 153 193 184 185 254 181
218 255 255 249  74   4  44 173 231 255 255 255 255 255 255 181
218 255 229  39   0 145 248 255 255 255 255 255 255 255 255 181
218 232  32   5 192 255 255 255 255 255 255 255 255 255 255 181
214  77   3 175 255 255 255 255 255 255 255 255 255 255 255 181
125   0  67 255 255 255 255 255 255 255 255 255 255 255 255 181
209 163 241 255 255 255 255 255 255 255 255 255 255 255 255 181
192 225 225 225 225 225 225 225 225 225 225 225 225 225 225 159
160 178 187 187 187 187 187 187 187 187 187 187 187 187 187 133
176  38 232 255 255 255 255 255 255 255 255 255 255 255 255 181
166   1  49 255 255 255 255 255 255 255 255 255 255 255 255 181
217 135   1 112 255 255 255 255 255 255 255 255 255 255 255 181
218 246  72   2 145 254 255 255 255 255 255 255 255 255 255 181
218 255 244  90   1 103 223 255 255 255 255 255 255 255 255 181
218 255 255 255 139  17   1  72 147 189 203 208 218 223 254 181
218 255 255 255 255 252  98   4   0   0   0   0   0  14 252 181
218 255 255 255 255 197  36   3   0  45 153 193 184 185 254 181
218 255 255 249  74   4  44 173 231 255 255 255 255 255 255 181
218 255 229  39   0 145 248 255 255 255 255 255 255 255 255 181
218 232  32   5 192 255 255 255 255 255 255 255 255 255 255 181
214  77   3 175 255 255 255 255 255 255 255 255 255 255 255 181
125   0  67 255 255 255 255 255 255 255 255 255 255 255 255 181
209 163 241 255 255 255 255 255 255 255 255 255 255 255 255 181
192 225 225 225 225 225 225 225 225 225 225 225 225 225 225 159
160 178 187 187 187 187 187 187 187 187 187 187 187 187 187 133
176  38 232 255 255 255 255 255 255 255 255 255 255 255 255 181
166   1  49 255 255 255 255 255 255 255 255 255 255 255 255 181
217 135   1 112 255 255 255 255 255 255 255 255 255 255 255 181
218 246  72   2 145 254 255 255 255 255 255 255 255 255 255 181
218 255 244  90   1 103 223 255 255 255 255 255 255 255 255 181
218 255 255 255 139  17   1  72 147 189 203 208 218 223 254 181
218 255 255 255 255 252  98   4   0   0   0   0   0  14 252 181
218 255 255 255 255 197  36   3   0  45 153 193 184 185 254 181
218 255 255 249  74   4  44 173 231 255 255 255 255 255 255 181
218 255 229  39   0 145 248 255 255 255 255 255 255 255 255 181
218 232  32   5 192 255 255 255 255 255 255 255 255 255 255 181
214  77   3 175 255 255 255 255 255 255 255 255 255 255 255 181
125   0  67 255 255 255 255 255 255 255 255 255 255 255 255 181
209 163 241 255 255 255 255 255 255 255 255 255 255 255 255 181
192 225 225 225 225 225 225 225 225 225 225 225 225 225 225 159
